Level 0:
11 11 11 11 11 11 11 11 11 11 11 11 11 11 11 11 11 11 11 11 11 11 11 11 11 11 11 11 11 11 11 11 11 11 11 11 83 8d 04 08

Level 1:
11 11 11 11 11 11 11 11 11 11 11 11 11 11 11 11 11 11 11 11 11 11 11 11 11 11 11 11 11 11 11 11 e0 34 68 55 38 8d 04 08 11 11 11 11 d1 92 ee 7c

Level 2:
11 11 11 11 11 11 11 11 11 11 11 11 11 11 11 11 11 11 11 11 11 11 11 11 11 11 11 11 11 11 11 11 eb 8c 04 08 e8 34 68 55 c7 05 ec c1 04 08 d1 92 ee 7c bc e0 34 68 55 c3

Level 3:
b8 d1 92 ee 7c bd 10 35 68 55 c7 05 e4 34 68 55 c1 8d 04 08 bc e4 34 68 55 c3 11 11 11 11 11 11 11 11 11 11 c0 34 68 55
